4.5007E+4 2.7606E+1 -1.6670E+1
2.8351E+4 2.6241E+1 -1.0561E+1
1.9889E+4 2.5482E+1 -7.0079E+0
1.0103E+4 2.4757E+1 -1.7273E+0
6.3110E+3 2.4651E+1 1.5929E+0
3.9670E+3 2.4878E+1 5.2155E+0
2.5210E+3 2.5547E+1 9.6178E+0
1.5710E+3 2.6877E+1 1.5668E+1
1.0090E+3 2.9236E+1 2.3724E+1
6.3100E+2 3.2962E+1 3.5579E+1
3.9700E+2 3.8870E+1 5.2000E+1
2.5100E+2 4.9358E+1 7.4931E+1
1.5700E+2 6.0691E+1 1.0869E+2
1.2700E+2 7.0202E+1 1.2710E+2
7.9000E+1 9.3806E+1 1.7850E+2
5.3000E+1 1.1599E+2 2.5888E+2
3.7000E+1 1.6419E+2 3.1431E+2
2.3000E+1 2.2677E+2 4.3928E+2
1.9000E+1 2.6294E+2 5.0270E+2
1.7000E+1 2.8577E+2 5.4647E+2
1.3000E+1 3.5079E+2 6.5464E+2
7.0000E+0 5.6075E+2 9.9122E+2
3.0000E+0 1.0601E+3 1.6955E+3